23.870000
23.870000
23.870000
23.870000
23.930000
24.370000
25.250000
26.370000
27.560000
28.810000
30.120000
31.430000
32.680000
33.870000
35.060000
36.120000
37.180000
38.250000
39.250000
40.180000
41.180000
42.060000
42.930000
43.750000
44.560000
45.370000
46.060000
46.810000
47.500000
48.120000
48.750000
49.430000
50.000000
50.680000
51.250000
51.870000
52.370000
52.930000
53.370000
53.750000
54.060000
54.120000
54.750000
56.060000
56.810000
57.120000
57.370000
57.750000
58.120000
58.430000
58.810000
59.060000
59.370000
59.680000
60.000000
60.310000
60.620000
61.000000
61.310000
61.620000
61.930000
62.250000
62.560000
62.870000
63.180000
63.500000
63.750000
64.000000
64.250000
64.500000
64.750000
65.000000
65.180000
65.430000
65.680000
65.870000
66.120000
66.310000
66.560000
66.750000
67.060000
67.180000
67.370000
67.560000
67.680000
67.870000
68.000000
68.120000
68.310000
68.500000
68.620000
68.750000
68.930000
69.060000
69.250000
69.370000
69.500000
69.620000
69.750000
69.870000
70.000000
70.060000
70.180000
70.310000
70.370000
70.500000
70.620000
70.750000
70.810000
70.930000
71.060000
71.120000
71.250000
71.430000
71.560000
71.680000
71.810000
71.930000
72.060000
72.180000
72.250000
72.370000
72.430000
72.560000
72.620000
72.680000
72.750000
72.870000
73.000000
73.120000
73.250000
73.370000
73.430000
73.500000
73.560000
73.620000
73.680000
73.750000
73.810000
73.870000
73.930000
73.930000
74.060000
74.060000
74.120000
74.180000
74.250000
74.310000
74.370000
74.430000
74.430000
74.500000
74.560000
74.620000
74.620000
74.680000
74.750000
74.810000
74.810000
74.810000
74.870000
74.930000
74.930000
75.000000
75.060000
75.060000
75.120000
75.120000
75.180000
75.180000
75.250000
75.250000
75.310000
75.310000
75.370000
75.370000
75.370000
75.430000
75.430000
75.500000
75.500000
75.500000
75.560000
75.560000
75.560000
75.620000
75.620000
75.620000
75.620000
75.680000
75.680000
75.680000
75.680000
75.680000
75.680000
75.680000
75.680000
75.680000
75.750000
75.750000
75.750000
75.750000
75.750000
75.750000
75.750000
75.810000
75.750000
75.810000
75.810000
75.810000
75.810000
75.810000
75.810000
75.810000
75.810000
75.810000
75.870000
75.870000
75.870000
75.870000
75.870000
75.930000
75.930000
75.930000
75.930000
75.930000
76.000000
76.000000
76.000000
76.000000
76.000000
76.000000
76.000000
76.000000
76.000000
76.000000
76.000000
76.000000
76.000000
76.000000
76.000000
76.000000
76.000000
76.000000
76.000000
76.000000
76.000000
76.000000
76.000000
76.000000
76.000000
76.000000
76.000000
75.930000
75.930000
75.930000
75.930000
75.930000
75.930000
75.930000
75.930000
75.930000
75.930000
75.930000
75.930000
75.930000
75.930000
75.930000
75.930000
75.930000
75.930000
75.930000
75.930000
75.930000
75.930000
75.930000
75.930000
75.930000
75.930000
75.930000
75.930000
75.930000
75.930000
75.930000
75.930000
75.930000
75.930000
75.930000
75.930000
75.930000
75.930000
75.930000
75.930000
75.930000
75.930000
76.000000
75.930000
76.000000
76.000000
76.000000
76.000000
76.000000
76.060000
76.060000
76.060000
76.060000
76.060000
76.120000
76.120000
76.120000
76.120000
76.120000
76.120000
76.120000
76.120000
76.120000
76.120000
76.120000
76.120000
76.120000
76.060000
76.060000
76.060000
76.060000
76.060000
76.060000
76.060000
76.060000
76.060000
76.120000
76.120000
76.120000
76.120000
76.120000
76.120000
76.120000
76.120000
76.120000
76.120000
76.120000
76.120000
76.060000
76.060000
76.060000
76.060000
76.060000
76.060000
76.060000
76.060000
76.060000
76.060000
76.060000
76.060000
76.060000
76.060000
76.060000
76.060000
76.060000
76.060000
76.060000
76.060000
76.060000
76.060000
76.060000
76.060000
76.060000
76.060000
76.060000
76.060000
76.060000
76.060000
76.060000
76.060000
76.060000
76.060000
76.060000
76.060000
76.060000
76.060000
76.060000
76.060000
76.060000
76.060000
76.060000
76.060000
76.000000
76.000000
76.000000
76.000000
75.930000
75.930000
75.930000
75.930000
75.870000
75.870000
75.870000
75.810000
75.810000
75.810000
75.810000
75.750000
75.750000
75.750000
75.750000
75.680000
75.680000
75.680000
75.680000
75.680000
75.680000
75.620000
75.620000
75.620000
75.620000
75.620000
75.620000
75.560000
75.560000
75.560000
75.560000
75.560000
75.500000
75.500000
75.500000
75.500000
75.500000
75.430000
75.430000
75.430000
75.430000
75.430000
75.430000
75.430000
75.430000
75.430000
75.430000
75.430000
75.430000
75.430000
75.430000
75.430000
75.500000
75.500000
75.500000
75.500000
75.500000
75.500000
75.500000
75.500000
75.500000
75.430000
75.430000
75.430000
75.370000
75.370000
75.370000
75.370000
75.370000
75.310000
75.310000
75.310000
75.310000
75.310000
75.310000
75.310000
75.250000
75.250000
75.250000
75.250000
75.250000
75.250000
75.250000
75.250000
