63.56
63.44
63.38
63.31
63.25
63.19
63.13
63.13
63.06
63.06
63.00
63.00
63.00
62.94
62.94
62.94
62.94
63.00
63.13
63.38
63.69
64.06
64.25
64.25
64.12
64.00
63.94
63.81
63.69
63.63
63.56
63.44
63.38
63.31
63.25
63.19
63.13
63.06
63.06
63.06
63.00
63.00
62.94
62.94
62.94
62.94
63.00
63.19
63.44
63.75
64.00
64.12
64.19
64.12
64.06
63.94
63.75
63.56
63.44
63.31
63.19
63.06
62.94
62.88
62.81
62.75
62.81
62.94
63.19
63.50
63.88
64.25
64.37
64.37
64.25
64.06
63.88
63.75
63.56
63.50
63.50
63.38
63.31
63.19
63.06
62.94
62.81
62.75
62.69
62.69
62.75
62.94
63.19
63.44
63.81
64.12
64.25
64.25
64.25
64.06
64.00
63.88
63.69
63.50
63.31
63.13
63.00
62.88
62.75
62.69
62.63
62.69
62.75
63.00
63.31
63.63
64.00
64.06
64.06
64.06
64.06
63.94
63.75
63.56
63.38
63.25
63.13
63.06
63.00
62.88
62.81
62.75
62.75
62.75
62.88
63.00
63.19
63.44
63.63
63.75
63.81
63.75
63.75
63.69
63.63
63.56
63.44
63.38
63.31
63.19
63.13
63.06
63.00
62.94
62.88
62.88
62.81
62.88
63.00
63.25
63.50
63.75
63.94
64.06
64.12
63.94
63.88
63.75
63.63
63.56
63.44
63.31
63.25
63.19
63.13
63.06
63.06
63.00
62.94
62.94
62.88
62.88
62.94
63.06
63.25
63.50
63.81
64.00
64.06
64.06
64.00
63.88
63.75
63.63
63.50
63.44
63.38
63.31
63.25
63.25
63.19
63.13
63.13
63.06
63.00
63.00
62.94
62.94
62.94
62.94
63.00
63.13
63.31
63.44
63.63
63.81
63.88
63.94
63.88
63.81
63.69
63.56
63.50
63.38
63.31
63.25
63.19
63.13
63.13
63.06
63.00
63.00
63.00
63.00
62.94
62.94
62.94
63.00
63.13
63.38
63.63
63.88
64.00
64.00
64.00
63.88
63.81
63.69
63.56
63.50
63.38
63.31
63.25
63.19
63.13
63.13
63.06
63.00
63.00
63.00
62.94
62.94
62.94
62.94
63.13
63.38
63.69
63.94
64.19
64.31
64.31
64.25
64.19
64.06
63.94
63.81
63.69
63.56
63.44
63.38
63.25
63.19
63.13
63.06
63.06
63.00
63.00
62.94
62.94
62.94
63.00
63.13
63.38
63.63
63.81
63.88
63.88
63.88
63.81
63.69
63.63
63.50
63.44
63.38
63.31
63.25
63.19
63.13
63.06
63.00
63.00
62.94
62.94
62.94
62.94
63.13
63.38
63.69
64.00
64.25
64.31
64.31
64.25
64.12
64.00
63.88
63.75
63.63
63.56
63.44
63.38
63.31
63.25
63.19
63.13
63.06
63.06
63.00
63.00
62.94
62.94
62.94
63.00
63.13
63.44
63.69
63.94
64.06
64.06
64.00
63.94
63.81
63.69
63.63
63.50
63.38
63.31
63.25
63.19
63.13
63.06
63.00
63.00
62.94
62.94
62.94
63.00
63.13
63.38
63.63
63.75
63.88
63.94
63.94
63.88
63.75
63.69
63.56
63.50
63.38
63.31
63.25
63.19
63.13
63.06
63.06
63.00
62.94
62.94
62.94
62.94
63.13
63.38
63.69
64.00
64.19
64.25
64.25
64.25
64.19
64.12
64.00
63.81
63.69
63.56
63.44
63.38
63.25
63.19
63.19
63.13
63.06
63.06
63.00
63.00
62.94
62.94
62.94
63.00
63.13
63.38
63.63
63.81
63.94
64.00
63.94
63.94
63.81
63.75
63.63
63.50
63.44
63.38
63.25
63.19
63.13
63.13
63.06
63.00
63.00
62.94
62.94
62.88
62.94
63.13
63.38
63.63
63.94
64.12
64.19
64.19
64.12
64.00
63.94
63.81
63.75
63.63
63.50
63.44
63.31
63.25
63.19
63.13
63.06
63.06
63.00
63.00
62.94
62.94
62.94
62.94
63.13
63.38
63.69
63.94
64.12
64.25
64.25
64.19
64.06
63.94
63.81
63.63
63.56
63.44
63.38
63.31
63.25
63.19
63.13
63.13
63.06
63.00
63.00
63.00
62.94
62.94
62.94
62.94
63.13
63.38
63.63
63.94
64.19
64.25
64.25
64.19
64.06
63.94
63.81
63.75
63.63
63.50
63.44
63.38
63.31
63.25
63.19
63.13
63.06
63.06
63.00
63.00
62.94
62.94
62.88
62.94
63.06
63.38
63.69
64.00
64.19
64.25
64.25
64.19
64.12
64.00
63.94
63.88
63.75
63.63
63.56
63.44
63.38
63.31
63.25
63.19
63.13
63.13
63.06
63.06
63.00
63.00
62.94
62.94
62.94
62.94
63.13
63.44
63.75
64.06
64.19
64.31
64.31
64.25
64.19
64.06
63.94
63.88
63.75
63.63
63.50
63.44
63.31
63.25
63.19
63.13
63.13
63.06
63.06
63.00
63.00
63.00
62.94
62.94
62.94
62.94
63.13
63.38
63.69
64.00
64.19
64.31
64.31
64.25
64.19
64.06
63.94
63.81
63.75
63.63
63.50
63.44
63.31
63.25
63.19
63.13
63.13
63.06
63.00
63.00
63.00
62.94
62.94
62.94
62.94
63.13
63.38
63.69
64.06
64.25
64.31
64.31
64.31
64.19
64.12
64.00
63.88
63.75
63.63
63.56
63.44
63.38
63.31
63.25
63.19
63.13
63.13
63.06
63.06
63.00
63.00
62.94
62.94
62.88
62.94
63.13
63.38
63.69
64.00
64.19
64.31
64.31
64.25
64.19
64.06
63.94
63.81
63.69
63.56
63.44
63.38
63.25
63.19
63.19
63.13
63.06
63.06
63.00
63.00
62.94
62.94
62.94
62.94
63.13
63.38
63.69
64.00
64.25
64.37
64.37
64.25
64.19
64.12
64.06
63.88
63.75
63.69
63.56
63.44
63.38
63.31
63.25
63.19
63.13
63.06
63.06
63.00
63.00
62.94
62.94
62.94
62.94
63.13
63.38
63.69
64.00
64.19
64.31
64.31
64.25
64.19
64.00
63.88
63.75
63.63
63.50
63.44
63.31
63.25
63.19
63.13
63.06
63.06
63.00
63.00
63.00
63.00
63.00
62.94
62.94
62.94
62.94
63.13
63.38
63.69
64.00
64.25
64.37
64.37
64.31
64.19
64.00
63.88
63.81
63.69
63.56
63.50
63.38
63.31
63.25
63.19
63.13
63.13
63.06
63.00
63.00
63.00
62.94
62.94
62.94
62.94
63.13
63.38
63.69
64.06
64.25
64.31
64.31
64.25
64.12
64.00
63.88
63.75
63.63
63.50
63.44
63.38
63.31
63.19
63.19
63.13
63.06
63.06
63.00
63.00
63.00
62.94
62.94
62.94
62.94
63.13
63.38
63.75
64.06
64.31
64.37
64.31
64.25
64.12
64.00
63.88
63.75
63.69
63.56
63.44
63.38
63.31
63.25
63.19
63.13
63.06
63.06
63.06
63.00
63.00
62.94
62.94
62.94
63.00
63.13
63.44
63.69
63.88
64.00
64.00
64.00
63.88
63.81
63.69
63.56
63.50
63.44
63.38
63.25
63.19
63.13
63.13
63.06
63.06
63.00
63.00
62.94
62.94
62.94
62.94
63.13
63.38
63.75
64.00
64.19
64.31
64.31
64.25
64.12
64.00
63.94
63.81
63.75
63.63
63.50
63.44
63.38
63.25
63.19
63.19
63.13
63.06
63.06
63.00
63.00
62.94
62.94
62.94
62.94
63.13
63.44
63.75
64.12
64.31
64.31
64.31
64.19
64.06
63.94
63.81
63.75
63.63
63.56
63.44
63.31
63.25
63.19
63.13
63.13
63.06
63.00
63.00
63.00
62.94
62.94
62.94
62.94
63.13
63.44
63.81
64.19
64.44
64.50
64.50
64.44
64.31
64.19
64.06
63.88
63.75
63.63
63.50
63.44
63.31
63.25
63.19
63.13
63.06
63.06
63.00
63.00
62.94
62.94
62.94
62.94
63.13
63.44
63.81
64.12
64.44
64.56
64.56
64.44
64.31
64.19
64.06
63.94
63.81
63.63
63.50
63.38
63.31
63.25
63.19
63.13
63.06
63.06
63.00
63.00
63.00
62.94
62.94
62.94
63.00
63.19
63.44
63.69
63.94
64.06
64.00
64.00
63.88
63.81
63.69
63.63
63.50
63.44
63.38
63.25
63.19
63.13
63.06
63.06
63.00
63.00
62.94
62.94
62.94
62.94
63.13
63.38
63.75
64.06
64.31
64.37
64.31
64.25
64.12
64.00
63.88
63.75
63.63
63.50
63.44
63.38
63.31
63.25
63.19
63.13
63.06
63.06
63.06
63.00
63.00
63.00
62.94
62.94
62.94
62.94
63.13
63.38
63.75
64.06
64.31
64.44
64.44
64.37
64.19
64.06
63.88
63.75
63.63
63.50
63.44
63.31
63.25
63.19
63.13
63.06
63.06
63.00
63.00
62.94
62.94
62.94
62.94
63.13
63.38
63.75
64.06
64.25
64.31
64.31
64.19
64.06
63.94
63.81
63.69
63.56
63.50
63.38
63.31
63.25
63.19
63.13
63.13
63.06
63.06
63.00
63.00
62.94
62.94
62.94
63.00
63.13
63.44
63.75
63.88
64.00
64.00
64.00
63.94
63.81
63.69
63.56
63.50
63.38
63.31
63.25
63.19
63.13
63.13
63.06
63.00
63.00
62.94
62.94
62.94
62.94
63.13
63.44
63.81
64.12
64.37
64.44
64.44
64.37
64.25
64.12
64.00
63.88
63.75
63.63
63.50
63.44
63.31
63.25
63.19
63.13
63.13
63.06
63.06
63.00
63.00
63.00
63.00
62.94
62.94
62.94
63.00
63.13
63.44
63.75
63.94
64.00
64.06
64.00
63.94
63.88
63.75
63.63
63.56
63.44
63.38
63.31
63.25
63.19
63.13
63.06
63.06
63.00
63.00
62.94
62.94
62.94
62.94
63.13
63.38
63.75
64.06
64.31
64.37
64.37
64.31
64.19
64.00
63.88
63.75
63.63
63.50
63.44
63.31
63.25
63.19
63.13
63.06
63.00
63.00
62.94
62.94
62.94
62.94
63.13
63.44
63.75
64.06
64.31
64.37
64.31
64.25
64.12
64.06
63.94
63.81
63.75
63.63
63.50
63.44
63.38
63.31
63.25
63.19
63.13
63.06
63.06
63.00
63.00
62.94
62.94
62.94
63.00
63.13
63.38
63.69
63.94
64.06
64.12
64.06
64.00
63.88
63.75
63.63
63.56
63.44
63.38
63.25
63.25
63.13
63.13
63.06
63.00
62.94
62.94
62.94
63.00
63.13
63.44
63.75
64.00
64.06
64.06
64.00
63.94
63.81
63.75
63.63
63.56
63.44
63.38
63.25
63.19
63.19
63.13
63.06
63.00
62.94
62.94
62.94
62.94
63.13
63.38
63.75
64.12
64.31
64.37
64.37
64.31
64.19
64.06
63.94
63.75
63.63
63.50
63.44
63.31
63.25
63.19
63.13
63.06
63.06
63.00
63.00
63.00
62.94
62.94
62.94
63.00
63.13
63.38
63.69
63.94
64.06
64.12
64.06
64.00
63.94
63.81
63.69
63.56
63.50
63.38
63.31
63.25
63.19
63.13
63.06
63.06
63.00
62.94
62.94
62.88
62.94
63.13
63.44
63.81
64.19
64.56
64.75
64.75
64.69
64.62
64.44
64.25
64.12
63.94
63.81
63.69
63.56
63.44
63.31
63.25
63.19
63.13
63.06
63.00
63.00
63.00
63.00
62.94
62.94
62.94
62.94
63.13
63.38
63.75
64.12
64.44
64.50
64.44
64.37
64.19
64.06
63.94
63.75
63.63
63.56
63.44
63.38
63.31
63.25
63.19
63.13
63.06
63.06
63.00
63.00
62.94
62.94
62.94
63.00
63.13
63.44
63.75
64.06
64.12
64.12
64.06
63.94
63.88
63.75
63.63
63.56
63.44
63.38
63.31
63.19
63.13
63.13
63.06
63.00
63.00
62.94